#	J.D.-2400000	JD_UTC	rel_flux_T1	rel_flux_err_T1
1	60114.717509	2460114.717509	0.292411	0.001311
2	60114.717760	2460114.717760	0.291882	0.001325
3	60114.718001	2460114.718001	0.295412	0.001311
4	60114.718244	2460114.718244	0.290849	0.001310
5	60114.718489	2460114.718489	0.291786	0.001252
7	60114.719847	2460114.719847	0.315676	0.001203
6	60114.719387	2460114.719387	0.317606	0.001201
8	60114.721195	2460114.721195	0.426661	0.002441
9	60114.721006	2460114.721006	0.428119	0.002452
10	60114.722141	2460114.722141	0.429889	0.003165
11	60114.722050	2460114.722050	0.430202	0.003164
12	60114.722291	2460114.722291	0.429319	0.003159
13	60114.722535	2460114.722535	0.428004	0.003141
14	60114.722780	2460114.722780	0.431397	0.003163
15	60114.723023	2460114.723023	0.432138	0.003173
16	60114.723267	2460114.723267	0.430321	0.003168
17	60114.723510	2460114.723510	0.430528	0.003161
18	60114.723753	2460114.723753	0.430190	0.003164
19	60114.723997	2460114.723997	0.430995	0.003169
20	60114.724241	2460114.724241	0.429477	0.003145
21	60114.724484	2460114.724484	0.429052	0.003145
22	60114.724728	2460114.724728	0.429223	0.003144
23	60114.724972	2460114.724972	0.430028	0.003154
24	60114.725216	2460114.725216	0.429282	0.003145
25	60114.725459	2460114.725459	0.431071	0.003159
26	60114.725704	2460114.725704	0.430472	0.003146
27	60114.725948	2460114.725948	0.430620	0.003154
28	60114.726191	2460114.726191	0.429005	0.003126
29	60114.726435	2460114.726435	0.428998	0.003127
30	60114.726680	2460114.726680	0.430538	0.003134
31	60114.726923	2460114.726923	0.431335	0.003147
32	60114.727167	2460114.727167	0.428483	0.003112
33	60114.727410	2460114.727410	0.431021	0.003120
34	60114.727653	2460114.727653	0.429584	0.003124
35	60114.727897	2460114.727897	0.430713	0.003123
36	60114.728140	2460114.728140	0.432482	0.003135
37	60114.728384	2460114.728384	0.431248	0.003127
38	60114.728628	2460114.728628	0.431466	0.003137
39	60114.728872	2460114.728872	0.430135	0.003111
40	60114.729115	2460114.729115	0.431614	0.003136
41	60114.729359	2460114.729359	0.431784	0.003133
42	60114.729604	2460114.729604	0.429368	0.003108
43	60114.729847	2460114.729847	0.430550	0.003116
44	60114.730091	2460114.730091	0.432489	0.003134
45	60114.730335	2460114.730335	0.431060	0.003107
46	60114.730578	2460114.730578	0.431538	0.003107
47	60114.730822	2460114.730822	0.430256	0.003103
48	60114.731066	2460114.731066	0.430188	0.003094
49	60114.731309	2460114.731309	0.429259	0.003095
50	60114.731552	2460114.731552	0.431845	0.003105
51	60114.731796	2460114.731796	0.432268	0.003118
52	60114.732040	2460114.732040	0.429463	0.003076
53	60114.732284	2460114.732284	0.432293	0.003105
54	60114.732528	2460114.732528	0.434503	0.003130
55	60114.732771	2460114.732771	0.430990	0.003102
56	60114.733015	2460114.733015	0.429598	0.003093
57	60114.733259	2460114.733259	0.429645	0.003087
58	60114.733503	2460114.733503	0.431833	0.003127
59	60114.733747	2460114.733747	0.433114	0.003127
60	60114.733990	2460114.733990	0.430604	0.003121
61	60114.734234	2460114.734234	0.432725	0.003121
62	60114.734478	2460114.734478	0.432324	0.003113
63	60114.734721	2460114.734721	0.436168	0.003121
64	60114.734965	2460114.734965	0.432308	0.003121
65	60114.735208	2460114.735208	0.432488	0.003114
66	60114.735451	2460114.735451	0.431405	0.003128
67	60114.735695	2460114.735695	0.435792	0.003143
68	60114.735938	2460114.735938	0.432747	0.003111
69	60114.736181	2460114.736181	0.432109	0.003109
70	60114.736425	2460114.736425	0.432914	0.003096
71	60114.736669	2460114.736669	0.431425	0.003100
72	60114.736913	2460114.736913	0.429773	0.003109
73	60114.737156	2460114.737156	0.431469	0.003125
74	60114.737400	2460114.737400	0.431519	0.003113
75	60114.737644	2460114.737644	0.431659	0.003086
76	60114.737888	2460114.737888	0.431004	0.003091
77	60114.738131	2460114.738131	0.433539	0.003113
78	60114.738375	2460114.738375	0.430744	0.003095
79	60114.738618	2460114.738618	0.431242	0.003101
80	60114.738861	2460114.738861	0.430198	0.003080
81	60114.739104	2460114.739104	0.432380	0.003127
82	60114.739348	2460114.739348	0.430689	0.003091
83	60114.739592	2460114.739592	0.433438	0.003113
84	60114.739836	2460114.739836	0.430029	0.003091
85	60114.740080	2460114.740080	0.429690	0.003073
86	60114.740323	2460114.740323	0.430683	0.003092
87	60114.740566	2460114.740566	0.430827	0.003072
88	60114.740810	2460114.740810	0.433801	0.003102
89	60114.741053	2460114.741053	0.432443	0.003108
90	60114.741296	2460114.741296	0.432768	0.003101
91	60114.741540	2460114.741540	0.431869	0.003094
92	60114.741784	2460114.741784	0.431075	0.003109
93	60114.742027	2460114.742027	0.431471	0.003093
94	60114.742270	2460114.742270	0.431217	0.003101
95	60114.742513	2460114.742513	0.431655	0.003109
96	60114.742756	2460114.742756	0.428358	0.003101
97	60114.743000	2460114.743000	0.430803	0.003112
98	60114.743244	2460114.743244	0.428035	0.003179
99	60114.743487	2460114.743487	0.429419	0.003161
100	60114.743730	2460114.743730	0.428326	0.003610
101	60114.743973	2460114.743973	0.429413	0.003261
102	60114.744216	2460114.744216	0.432976	0.003313
103	60114.744460	2460114.744460	0.430790	0.003295
104	60114.744703	2460114.744703	0.423626	0.004452
105	60114.744949	2460114.744949	0.429949	0.003425
106	60114.745192	2460114.745192	0.428882	0.003107
107	60114.745435	2460114.745435	0.430048	0.003167
108	60114.745678	2460114.745678	0.429697	0.003124
109	60114.745922	2460114.745922	0.432004	0.003168
110	60114.746165	2460114.746165	0.430326	0.003507
111	60114.746408	2460114.746408	0.429699	0.003177
112	60114.746652	2460114.746652	0.428594	0.003156
113	60114.746895	2460114.746895	0.429192	0.003227
114	60114.747139	2460114.747139	0.424935	0.004938
115	60114.747383	2460114.747383	0.419614	0.004788
116	60114.747627	2460114.747627	0.429652	0.008580
117	60114.747870	2460114.747870	0.435813	0.006195
118	60114.748114	2460114.748114	0.432918	0.006516
119	60114.748359	2460114.748359	0.426692	0.010495
120	60114.748602	2460114.748602	0.432611	0.005610
121	60114.748845	2460114.748845	0.372799	0.039921
122	60114.749089	2460114.749089	0.446242	0.018569
123	60114.749333	2460114.749333	0.439395	0.006553
124	60114.749577	2460114.749577	0.429165	0.006061
125	60114.749820	2460114.749820	0.431720	0.007401
126	60114.750063	2460114.750063	0.432231	0.004690
127	60114.750307	2460114.750307	0.429848	0.003342
128	60114.750550	2460114.750550	0.429115	0.003361
129	60114.750794	2460114.750794	0.427822	0.003358
130	60114.751038	2460114.751038	0.432368	0.002852
131	60114.751282	2460114.751282	0.425934	0.003435
132	60114.751525	2460114.751525	0.428975	0.002855
133	60114.751768	2460114.751768	0.429852	0.003105
134	60114.752011	2460114.752011	0.430870	0.002861
135	60114.752254	2460114.752254	0.429295	0.002859
136	60114.752498	2460114.752498	0.432472	0.002855
137	60114.752741	2460114.752741	0.430825	0.002909
138	60114.752984	2460114.752984	0.431151	0.002862
139	60114.753228	2460114.753228	0.429704	0.003838
140	60114.753472	2460114.753472	0.428792	0.003373
141	60114.753716	2460114.753716	0.429579	0.004097
142	60114.753959	2460114.753959	0.428785	0.003401
143	60114.754203	2460114.754203	0.434233	0.004121
144	60114.754447	2460114.754447	0.434468	0.005140
145	60114.754690	2460114.754690	0.433268	0.004917
146	60114.754933	2460114.754933	0.408474	0.042409
147	60114.755176	2460114.755176	0.437834	0.013438
148	60114.755420	2460114.755420	0.421276	0.009116
149	60114.755666	2460114.755666	0.431961	0.006142
150	60114.755909	2460114.755909	0.428569	0.015563
151	60114.756155	2460114.756155	0.436233	0.007519
152	60114.756398	2460114.756398	0.444406	0.029204
153	60114.756642	2460114.756642	0.438587	0.004791
154	60114.756887	2460114.756887	0.428703	0.004142
155	60114.757131	2460114.757131	0.431688	0.003965
156	60114.757374	2460114.757374	0.423208	0.004561
157	60114.757617	2460114.757617	0.432433	0.005727
158	60114.757860	2460114.757860	0.422643	0.004701
159	60114.758103	2460114.758103	0.429936	0.003474
160	60114.758347	2460114.758347	0.429542	0.003402
161	60114.758590	2460114.758590	0.429105	0.003164
162	60114.758833	2460114.758833	0.424836	0.004597
163	60114.759076	2460114.759076	0.429611	0.005071
164	60114.759319	2460114.759319	0.434598	0.005615
165	60114.759563	2460114.759563	0.418465	0.009185
166	60114.759807	2460114.759807	0.429613	0.007854
167	60114.760051	2460114.760051	0.399572	0.040475
168	60114.760294	2460114.760294	0.430979	0.009398
169	60114.760537	2460114.760537	0.425498	0.008207
170	60114.760780	2460114.760780	0.432399	0.005372
171	60114.761024	2460114.761024	0.427795	0.005982
172	60114.761267	2460114.761267	0.433052	0.006077
173	60114.761510	2460114.761510	0.430560	0.003465
174	60114.761753	2460114.761753	0.434433	0.003276
175	60114.761997	2460114.761997	0.429513	0.003253
176	60114.762240	2460114.762240	0.429947	0.002867
177	60114.762484	2460114.762484	0.429157	0.002852
178	60114.762728	2460114.762728	0.429648	0.002839
179	60114.762971	2460114.762971	0.431065	0.002842
180	60114.763215	2460114.763215	0.428363	0.002843
181	60114.763460	2460114.763460	0.433875	0.002890
182	60114.763703	2460114.763703	0.430823	0.002853
183	60114.763947	2460114.763947	0.429481	0.002839
184	60114.764190	2460114.764190	0.431848	0.002853
185	60114.764433	2460114.764433	0.429772	0.002863
186	60114.764677	2460114.764677	0.429614	0.002874
187	60114.764920	2460114.764920	0.427684	0.002859
188	60114.765164	2460114.765164	0.429396	0.002845
189	60114.765408	2460114.765408	0.429023	0.002863
190	60114.765651	2460114.765651	0.430639	0.002889
191	60114.765895	2460114.765895	0.427991	0.002833
192	60114.766138	2460114.766138	0.430471	0.002895
193	60114.766382	2460114.766382	0.429500	0.002966
194	60114.766625	2460114.766625	0.429077	0.002899
195	60114.766868	2460114.766868	0.427406	0.002843
196	60114.767111	2460114.767111	0.430226	0.002861
197	60114.767355	2460114.767355	0.426318	0.002858
198	60114.767599	2460114.767599	0.428219	0.002858
199	60114.767842	2460114.767842	0.432040	0.002885
200	60114.768086	2460114.768086	0.427037	0.002987
201	60114.768329	2460114.768329	0.427552	0.003080
202	60114.768572	2460114.768572	0.430578	0.002888
203	60114.768816	2460114.768816	0.428334	0.002832
204	60114.769060	2460114.769060	0.431058	0.002847
205	60114.769304	2460114.769304	0.429939	0.002826
206	60114.769547	2460114.769547	0.429213	0.003081
207	60114.769791	2460114.769791	0.428280	0.003105
208	60114.770035	2460114.770035	0.429048	0.002920
209	60114.770279	2460114.770279	0.429219	0.002842
210	60114.770523	2460114.770523	0.428999	0.002845
211	60114.770767	2460114.770767	0.428439	0.002830
212	60114.771010	2460114.771010	0.428931	0.002834
213	60114.771253	2460114.771253	0.431512	0.002844
214	60114.771497	2460114.771497	0.429241	0.002861
215	60114.771741	2460114.771741	0.427498	0.002898
216	60114.771984	2460114.771984	0.428849	0.002843
217	60114.772228	2460114.772228	0.430387	0.002847
218	60114.772471	2460114.772471	0.430473	0.002823
219	60114.772714	2460114.772714	0.428670	0.002823
220	60114.772958	2460114.772958	0.428232	0.002820
221	60114.773202	2460114.773202	0.428213	0.002828
222	60114.773445	2460114.773445	0.431461	0.002860
223	60114.773689	2460114.773689	0.427761	0.002834
224	60114.773932	2460114.773932	0.427621	0.002838
225	60114.774175	2460114.774175	0.428093	0.002815
226	60114.774419	2460114.774419	0.428097	0.002839
227	60114.774662	2460114.774662	0.430313	0.002836
228	60114.774906	2460114.774906	0.428871	0.002827
229	60114.775149	2460114.775149	0.429859	0.002855
230	60114.775393	2460114.775393	0.428276	0.002835
231	60114.775637	2460114.775637	0.428815	0.002836
232	60114.775880	2460114.775880	0.429774	0.002848
233	60114.776124	2460114.776124	0.429860	0.002854
234	60114.776367	2460114.776367	0.428039	0.002842
235	60114.776612	2460114.776612	0.429094	0.002823
236	60114.776855	2460114.776855	0.432908	0.002847
237	60114.777099	2460114.777099	0.429878	0.002842
238	60114.777342	2460114.777342	0.429469	0.002856
239	60114.777586	2460114.777586	0.430013	0.002834
240	60114.777829	2460114.777829	0.426851	0.002815
241	60114.778073	2460114.778073	0.428500	0.002838
242	60114.778317	2460114.778317	0.428726	0.002828
243	60114.778561	2460114.778561	0.428123	0.002832
244	60114.778805	2460114.778805	0.428927	0.002825
245	60114.779048	2460114.779048	0.428657	0.002833
246	60114.779291	2460114.779291	0.430565	0.002832
247	60114.779535	2460114.779535	0.427882	0.002826
248	60114.779779	2460114.779779	0.428427	0.002826
249	60114.780023	2460114.780023	0.427541	0.002823
250	60114.780266	2460114.780266	0.429789	0.002824
251	60114.780509	2460114.780509	0.430218	0.002827
252	60114.780753	2460114.780753	0.431294	0.002834
253	60114.780996	2460114.780996	0.426987	0.003031
254	60114.781240	2460114.781240	0.423221	0.003706
255	60114.781483	2460114.781483	0.428231	0.002908
256	60114.781727	2460114.781727	0.426821	0.002956
257	60114.781971	2460114.781971	0.428372	0.002903
258	60114.782214	2460114.782214	0.426238	0.002935
259	60114.782457	2460114.782457	0.428799	0.002818
260	60114.782700	2460114.782700	0.426476	0.002823
261	60114.782943	2460114.782943	0.428177	0.002820
262	60114.783186	2460114.783186	0.426704	0.002829
263	60114.783430	2460114.783430	0.427522	0.002833
264	60114.783673	2460114.783673	0.430214	0.002839
265	60114.783917	2460114.783917	0.429704	0.002824
266	60114.784161	2460114.784161	0.429667	0.002828
267	60114.784405	2460114.784405	0.428814	0.002822
268	60114.784649	2460114.784649	0.428584	0.002834
269	60114.784892	2460114.784892	0.430380	0.002824
270	60114.785136	2460114.785136	0.428696	0.002827
271	60114.785380	2460114.785380	0.427732	0.002813
272	60114.785623	2460114.785623	0.428972	0.002813
273	60114.785866	2460114.785866	0.429217	0.002816
274	60114.786109	2460114.786109	0.426778	0.002812
275	60114.786352	2460114.786352	0.426733	0.002821
276	60114.786595	2460114.786595	0.428378	0.002814
277	60114.786839	2460114.786839	0.427804	0.002823
278	60114.787082	2460114.787082	0.427909	0.002814
279	60114.787326	2460114.787326	0.426839	0.002836
280	60114.787569	2460114.787569	0.426771	0.002840
281	60114.787813	2460114.787813	0.429108	0.002831
282	60114.788056	2460114.788056	0.426236	0.002831
283	60114.788299	2460114.788299	0.430328	0.002823
284	60114.788543	2460114.788543	0.427494	0.002805
285	60114.788788	2460114.788788	0.429459	0.002818
286	60114.789031	2460114.789031	0.429479	0.002828
287	60114.789274	2460114.789274	0.428825	0.002823
288	60114.789517	2460114.789517	0.428073	0.002817
289	60114.789760	2460114.789760	0.428318	0.002845
290	60114.790004	2460114.790004	0.427625	0.002842
291	60114.790247	2460114.790247	0.427772	0.002847
292	60114.790491	2460114.790491	0.426147	0.002819
293	60114.790734	2460114.790734	0.426292	0.002820
294	60114.790978	2460114.790978	0.430992	0.002833
295	60114.791222	2460114.791222	0.426769	0.002824
296	60114.791466	2460114.791466	0.427179	0.002825
297	60114.791709	2460114.791709	0.430703	0.002846
298	60114.791952	2460114.791952	0.430067	0.002819
299	60114.792196	2460114.792196	0.430627	0.002814
300	60114.792440	2460114.792440	0.430254	0.002812
301	60114.792684	2460114.792684	0.428191	0.002812
302	60114.792928	2460114.792928	0.430321	0.002820
303	60114.793171	2460114.793171	0.430700	0.002805
304	60114.793415	2460114.793415	0.430499	0.002810
305	60114.793659	2460114.793659	0.428888	0.002801
306	60114.793902	2460114.793902	0.429927	0.002799
307	60114.794146	2460114.794146	0.428818	0.002810
308	60114.794389	2460114.794389	0.429467	0.002810
309	60114.794632	2460114.794632	0.429563	0.002832
310	60114.794875	2460114.794875	0.431764	0.002839
311	60114.795119	2460114.795119	0.431604	0.002819
312	60114.795363	2460114.795363	0.430620	0.002825
313	60114.795606	2460114.795606	0.430924	0.002823
314	60114.795850	2460114.795850	0.428202	0.002801
315	60114.796093	2460114.796093	0.428661	0.002821
316	60114.796336	2460114.796336	0.430969	0.002816
317	60114.796579	2460114.796579	0.429340	0.002805
318	60114.796822	2460114.796822	0.429842	0.002834
319	60114.797065	2460114.797065	0.430466	0.002830
320	60114.797308	2460114.797308	0.431195	0.002837
321	60114.797551	2460114.797551	0.431161	0.002825
322	60114.797795	2460114.797795	0.429794	0.002835
323	60114.798039	2460114.798039	0.428537	0.002836
324	60114.798282	2460114.798282	0.429002	0.002840
325	60114.798525	2460114.798525	0.429283	0.002840
326	60114.798768	2460114.798768	0.432146	0.002832
327	60114.799011	2460114.799011	0.430275	0.002824
328	60114.799254	2460114.799254	0.430912	0.002841
329	60114.799498	2460114.799498	0.429720	0.002823
330	60114.799742	2460114.799742	0.428132	0.002830
331	60114.799986	2460114.799986	0.428082	0.002833
332	60114.800230	2460114.800230	0.426547	0.002825
333	60114.800473	2460114.800473	0.430982	0.002837
334	60114.800717	2460114.800717	0.429478	0.002824
335	60114.800960	2460114.800960	0.430332	0.002808
336	60114.801204	2460114.801204	0.427803	0.002803
337	60114.801447	2460114.801447	0.429955	0.002806
338	60114.801691	2460114.801691	0.428749	0.002793
339	60114.801934	2460114.801934	0.429574	0.002795
340	60114.802178	2460114.802178	0.429516	0.002806
341	60114.802421	2460114.802421	0.430823	0.002808
342	60114.802664	2460114.802664	0.430321	0.002825
343	60114.802908	2460114.802908	0.429571	0.002831
344	60114.803152	2460114.803152	0.427928	0.002807
345	60114.803395	2460114.803395	0.430193	0.002826
346	60114.803639	2460114.803639	0.428451	0.002818
347	60114.803882	2460114.803882	0.428790	0.002830
348	60114.804125	2460114.804125	0.424295	0.002832
349	60114.804369	2460114.804369	0.429958	0.002827
350	60114.804613	2460114.804613	0.427842	0.002810
351	60114.804856	2460114.804856	0.426673	0.002816
352	60114.805099	2460114.805099	0.429253	0.002833
353	60114.805342	2460114.805342	0.426824	0.002820
354	60114.805587	2460114.805587	0.423999	0.002818
355	60114.805830	2460114.805830	0.426065	0.002826
356	60114.806073	2460114.806073	0.424506	0.002826
357	60114.806316	2460114.806316	0.427994	0.002820
358	60114.806560	2460114.806560	0.428058	0.002803
359	60114.806803	2460114.806803	0.426959	0.002805
360	60114.807047	2460114.807047	0.425458	0.002811
361	60114.807290	2460114.807290	0.428279	0.002807
362	60114.807535	2460114.807535	0.425217	0.002812
363	60114.807778	2460114.807778	0.427402	0.002814
364	60114.808022	2460114.808022	0.427890	0.002829
365	60114.808265	2460114.808265	0.425317	0.002821
366	60114.808508	2460114.808508	0.427847	0.002808
367	60114.808752	2460114.808752	0.426958	0.002817
368	60114.808995	2460114.808995	0.426165	0.002836
369	60114.809238	2460114.809238	0.424419	0.002828
370	60114.809482	2460114.809482	0.421838	0.002809
371	60114.809725	2460114.809725	0.425948	0.002838
372	60114.809968	2460114.809968	0.426334	0.002829
373	60114.810211	2460114.810211	0.427196	0.002828
374	60114.810455	2460114.810455	0.424043	0.002805
375	60114.810699	2460114.810699	0.427217	0.002818
376	60114.810943	2460114.810943	0.428892	0.002827
377	60114.811186	2460114.811186	0.425898	0.002833
378	60114.811430	2460114.811430	0.426131	0.002817
379	60114.811673	2460114.811673	0.426079	0.002819
380	60114.811918	2460114.811918	0.425012	0.002806
381	60114.812161	2460114.812161	0.425176	0.002824
382	60114.812404	2460114.812404	0.427232	0.002824
383	60114.812648	2460114.812648	0.422477	0.002823
384	60114.812892	2460114.812892	0.423308	0.002835
385	60114.813135	2460114.813135	0.426116	0.002832
386	60114.813378	2460114.813378	0.427637	0.002805
387	60114.813621	2460114.813621	0.428977	0.002809
388	60114.813864	2460114.813864	0.427807	0.002820
389	60114.814108	2460114.814108	0.426120	0.002819
390	60114.814351	2460114.814351	0.423547	0.002813
391	60114.814596	2460114.814596	0.422895	0.002803
392	60114.814840	2460114.814840	0.426108	0.002834
393	60114.815083	2460114.815083	0.425745	0.002797
394	60114.815326	2460114.815326	0.423554	0.002815
395	60114.815569	2460114.815569	0.424801	0.002809
396	60114.815812	2460114.815812	0.424035	0.002814
397	60114.816056	2460114.816056	0.425797	0.002808
398	60114.816300	2460114.816300	0.423229	0.002815
399	60114.816545	2460114.816545	0.425781	0.002813
400	60114.816788	2460114.816788	0.429222	0.002820
401	60114.817031	2460114.817031	0.427744	0.002796
402	60114.817274	2460114.817274	0.423602	0.002816
403	60114.817517	2460114.817517	0.426501	0.002809
404	60114.817761	2460114.817761	0.426607	0.002824
405	60114.818004	2460114.818004	0.427473	0.002837
406	60114.818247	2460114.818247	0.427216	0.002815
407	60114.818491	2460114.818491	0.426834	0.002823
408	60114.818734	2460114.818734	0.428108	0.002813
409	60114.818977	2460114.818977	0.428231	0.002813
410	60114.819220	2460114.819220	0.423455	0.002832
411	60114.819465	2460114.819465	0.423429	0.002829
412	60114.819709	2460114.819709	0.426790	0.002804
413	60114.819953	2460114.819953	0.425936	0.002824
414	60114.820196	2460114.820196	0.428855	0.002827
415	60114.820440	2460114.820440	0.429656	0.002814
416	60114.820685	2460114.820685	0.425593	0.002803
417	60114.820928	2460114.820928	0.431142	0.002822
418	60114.821171	2460114.821171	0.429252	0.002813
419	60114.821414	2460114.821414	0.428545	0.002807
420	60114.821657	2460114.821657	0.428153	0.002817
421	60114.821900	2460114.821900	0.429333	0.002807
422	60114.822143	2460114.822143	0.432083	0.002841
423	60114.822387	2460114.822387	0.427621	0.002821
424	60114.822630	2460114.822630	0.428551	0.002831
425	60114.822873	2460114.822873	0.430315	0.002834
426	60114.823116	2460114.823116	0.428217	0.002811
427	60114.823359	2460114.823359	0.430113	0.002830
428	60114.823603	2460114.823603	0.426672	0.002810
429	60114.823847	2460114.823847	0.431342	0.002846
430	60114.824090	2460114.824090	0.428184	0.002840
431	60114.824334	2460114.824334	0.432563	0.002844
432	60114.824578	2460114.824578	0.433860	0.002848
433	60114.824822	2460114.824822	0.429942	0.002851
434	60114.825066	2460114.825066	0.430789	0.002860
435	60114.825309	2460114.825309	0.430671	0.002837
436	60114.825554	2460114.825554	0.430826	0.002838
437	60114.825797	2460114.825797	0.431929	0.002842
438	60114.826042	2460114.826042	0.431934	0.002849
439	60114.826286	2460114.826286	0.431200	0.002870
440	60114.826530	2460114.826530	0.430328	0.002860
441	60114.826774	2460114.826774	0.429278	0.002861
442	60114.827018	2460114.827018	0.430975	0.002862
443	60114.827262	2460114.827262	0.432361	0.002855
444	60114.827507	2460114.827507	0.430435	0.002845
445	60114.827750	2460114.827750	0.431904	0.002835
446	60114.827994	2460114.827994	0.429520	0.002831
447	60114.828238	2460114.828238	0.429793	0.002834
448	60114.828483	2460114.828483	0.431520	0.002818
449	60114.828727	2460114.828727	0.430703	0.002817
450	60114.828971	2460114.828971	0.428594	0.002829
451	60114.829215	2460114.829215	0.431679	0.002834
452	60114.829458	2460114.829458	0.428791	0.002829
453	60114.829701	2460114.829701	0.429684	0.002832
454	60114.829945	2460114.829945	0.428910	0.002838
455	60114.830190	2460114.830190	0.430521	0.002830
456	60114.830433	2460114.830433	0.428657	0.002846
457	60114.830677	2460114.830677	0.428391	0.002843
458	60114.830920	2460114.830920	0.430413	0.002800
459	60114.831164	2460114.831164	0.428605	0.002855
460	60114.831408	2460114.831408	0.428214	0.002855
461	60114.831652	2460114.831652	0.430568	0.002838
462	60114.831896	2460114.831896	0.431571	0.002847
463	60114.832139	2460114.832139	0.428784	0.002854
464	60114.832382	2460114.832382	0.429993	0.002826
465	60114.832626	2460114.832626	0.431266	0.002854
466	60114.832870	2460114.832870	0.430665	0.002842
467	60114.833114	2460114.833114	0.431804	0.002848
468	60114.833359	2460114.833359	0.427310	0.002838
469	60114.833602	2460114.833602	0.432147	0.002844
470	60114.833846	2460114.833846	0.432005	0.002826
471	60114.834090	2460114.834090	0.430759	0.002825
472	60114.834334	2460114.834334	0.431889	0.002852
473	60114.834577	2460114.834577	0.430894	0.002847
474	60114.834821	2460114.834821	0.429465	0.002843
475	60114.835064	2460114.835064	0.432380	0.002830
476	60114.835308	2460114.835308	0.432391	0.002847
477	60114.835551	2460114.835551	0.431255	0.002843
478	60114.835795	2460114.835795	0.429433	0.002835
479	60114.836039	2460114.836039	0.430208	0.002836
480	60114.836283	2460114.836283	0.430827	0.002840
481	60114.836527	2460114.836527	0.429708	0.002830
482	60114.836770	2460114.836770	0.430403	0.002847
483	60114.837014	2460114.837014	0.431157	0.002846
484	60114.837258	2460114.837258	0.431577	0.002840
485	60114.837501	2460114.837501	0.428905	0.002827
486	60114.837745	2460114.837745	0.430878	0.002832
487	60114.837988	2460114.837988	0.432648	0.002834
488	60114.838232	2460114.838232	0.432945	0.002830
489	60114.838475	2460114.838475	0.431516	0.002816
490	60114.838720	2460114.838720	0.430435	0.002818
491	60114.838964	2460114.838964	0.430370	0.002835
492	60114.839207	2460114.839207	0.430623	0.002823
